time slices = 21 
tax threshold = 25 
tax rate = subsidy rate = 5 
let refillRateA = [High; High; Low; Low; Low; Low; High]
let refillRateB = [Low; High; High; Low; Low; Low; Low]

[{SupraID = 0;
    ResourcesState =
     [0; 0; 200; 200; 0; 0; 0; 0; 0; 200; 200; 0; 0; 0; 0; 0; 200; 200; 0; 0; 0];

    BenefitState =
     [0; 0; 0; 0; 0; 0; 0; 0; 0; 0; 0; 0; 0; 0; 0; 0; 0; 0; 0; 0; 0];};
   
{SupraID = 1;
    ResourcesState =
     [0; 900; 900; 350; 350; 250; 250; 900; 900; 900; 350; 350; 250; 250; 900; 900; 900; 350; 350; 250; 250];
    
    BenefitState =
     [0; -100; -200; -100; 0; 0; 0; -100; -200; -300; -200; -100; -100; -100; -200; -300; -400; -300; -200; -200; -200];};
   
{SupraID = 2;
    ResourcesState =
     [0; 350; 900; 900; 350; 250; 250; 350; 350; 900; 900; 350; 250; 250; 350; 350; 900; 900; 350; 250; 250];
    
    BenefitState =
     [0; 100; 0; -100; 0; 0; 0; 100; 200; 100; 0; 100; 100; 100; 200; 300; 200; 100; 200; 200; 200];}]

time slices = 21
tax threshold = 25
tax rate = 10
subsidy rate = 5
let refillRateA = [High; High; Low; Low; Low; Low; High]
let refillRateB = [Low; High; High; Low; Low; Low; Low]

[{SupraID = 0;
    ResourcesState =
     [0; 100; 500; 600; 400; 200; 0; 100; 200; 600; 700; 500; 300; 100; 200; 300; 700; 800; 600; 400; 200];
    BenefitState =
     [0; 0; 0; 0; 0; 0; 0; 0; 0; 0; 0; 0; 0; 0; 0; 0; 0; 0; 0; 0; 0];};
   
{SupraID = 1;
    ResourcesState =
     [0; 800; 800; 350; 350; 350; 350; 800; 800; 800; 350; 350; 350; 350; 800; 800; 800; 350; 350; 350; 350];
    BenefitState =
     [0; -200; -400; -300; -200; -100; 0; -200; -400; -600; -500; -400; -300; -200; -400; -600; -800; -700; -600; -500; -400];};
{SupraID = 2;
    ResourcesState =
     [0; 350; 800; 800; 350; 350; 350; 350; 350; 800; 800; 350; 350; 350; 350; 350; 800; 800; 350; 350; 350];
    BenefitState =
     [0; 100; -100; -300; -200; -100; 0; 100; 200; 0; -200; -100; 0; 100; 200; 300; 100; -100; 0; 100; 200];}]